kinematics:
  shoulder:
    x: 0
    y: 0
    z: 0.1519936315262307
    roll: -0
    pitch: 0
    yaw: 6.838760567689992e-05
  upper_arm:
    x: -1.006206974235849e-05
    y: 0
    z: 0
    roll: 1.571414831946419
    pitch: 0
    yaw: 6.233572002364974e-05
  forearm:
    x: -0.2437879901776079
    y: 0
    z: 0
    roll: 3.136230158310576
    pitch: 3.1409321751651
    yaw: 3.141526319379272
  wrist_1:
    x: -0.2133178110269209
    y: -8.526374786023064e-05
    z: 0.1123706528391968
    roll: 0.0007587722358356888
    pitch: 1.096811252106226e-05
    yaw: -4.643027275731536e-05
  wrist_2:
    x: 5.52705452468594e-07
    y: -0.08531846116247806
    z: -1.347930659273558e-05
    roll: 1.570954314952406
    pitch: 0
    yaw: -7.006012726790657e-06
  wrist_3:
    x: 5.633097768147259e-06
    y: 0.08227037804856513
    z: -4.300277929941295e-06
    roll: 1.570744056730895
    pitch: 3.141592653589793
    yaw: 3.141570795545185
  hash: calib_16244799140585984786